90 100 6 6
80 100 4 4
94 100 5 5
95 100 7 7
69 100 4 4
57 100 5 5
87 100 5 5
51 100 3 3
74 100 6 6
99 100 5 5
84 100 5 5
38 100 3 3
81 100 3 3
69 100 5 5
36 100 3 3
65 100 4 4
81 100 7 7
46 100 3 3
60 100 5 5
33 100 3 3
84 100 6 6
86 100 6 6
32 100 3 3
97 100 7 7
89 100 6 6
92 100 6 6
81 100 6 6
85 100 3 3
71 100 5 5
95 100 7 7
64 100 3 3
49 100 3 3
87 100 6 6
58 100 4 4
67 100 4 4
82 100 7 7
56 100 3 3
83 100 5 5
87 100 4 4
78 100 5 5
87 100 3 3
30 100 3 3
79 100 5 5
61 100 3 3
90 100 7 7
54 100 4 4
41 100 3 3
83 100 5 5
72 100 6 6
86 100 6 6
99 100 8 8
61 100 3 3
41 100 4 4
77 100 6 6
68 100 5 5
39 100 3 3
85 100 8 8
51 100 3 3
76 100 6 6
53 100 3 3
50 100 3 3
92 100 6 6
57 100 5 5
75 100 5 5
62 100 4 4
67 100 3 3
35 100 3 3
57 100 5 5
43 100 4 4
39 100 4 4
90 100 6 6
56 100 4 4
26 100 4 4
32 100 3 3
96 100 5 5
70 100 6 6
99 100 7 7
82 100 6 6
59 100 4 4
71 100 4 4
31 100 3 3
96 100 5 5
90 100 5 5
84 100 5 5
84 100 3 3
93 100 7 7
91 100 5 5
66 100 5 5
54 100 6 6
59 100 5 5
62 100 3 3
95 100 6 6
81 100 6 6
50 100 4 4
68 100 5 5
96 100 5 5
69 100 5 5
48 100 3 3
46 100 5 5
39 100 4 4
